0.143000
0.005000
0.004000
0.004000
0.005000
0.005000
0.005000
0.005000
0.005000
0.004000
0.005000
0.011000
0.005000
0.005000
0.005000
0.005000
0.005000
0.005000
0.005000
0.005000
0.005000
0.005000
0.005000
0.005000
0.005000
0.005000
0.010000
0.006000
0.005000
0.005000
0.005000
0.006000
0.005000
0.005000
0.005000
0.006000
0.005000
0.005000
0.005000
0.005000
0.010000
0.005000
0.006000
0.005000
0.005000
0.005000
0.005000
0.005000
0.006000
0.005000
0.005000
0.006000
0.006000
0.005000
0.010000
0.005000
0.006000
0.006000
0.005000
0.005000
0.006000
0.006000
0.005000
0.005000
0.006000
0.005000
0.005000
0.006000
0.011000
0.005000
0.005000
0.006000
0.006000
0.006000
0.006000
0.006000
0.006000
0.005000
0.005000
0.006000
0.006000
0.005000
0.010000
0.006000
0.006000
0.006000
0.005000
0.005000
0.006000
0.006000
0.006000
